URV decomposition of A, s.t. A=U @ R @ V.T.

Input matrix A (2 x 6):
[[ 0.   1.6  0.  32.   0.   0. ]
 [ 0.   0.   0.   0.   0.   0. ]]

U (2 x 2):
[[ 1.  0.]
 [ 0. -1.]]

R (2 x 6):
[[32.03998  0.       0.       0.       0.       0.     ]
 [ 0.       0.       0.       0.       0.       0.     ]]

V (6 x 6):
[[ 0.      -1.       0.       0.       0.       0.     ]
 [ 0.04994  0.       0.       0.99875  0.       0.     ]
 [ 0.       0.      -1.       0.       0.       0.     ]
 [ 0.99875  0.       0.      -0.04994  0.       0.     ]
 [ 0.       0.       0.       0.      -1.       0.     ]
 [ 0.       0.       0.       0.       0.      -1.     ]]

(Check) Product of U, R, V.T, (2 x 6):
[[ 0.   1.6  0.  32.   0.   0. ]
 [ 0.   0.   0.   0.   0.   0. ]]

