PLU decomposition with Gram-Schmidt algorithm, s.t. A=PLU.

Input matrix A (4 x 4):
[[   1.2     232.       21.       23.    ]
 [  21.1      12.2       0.0002    0.22  ]
 [ 242.        0.58      0.        9.23  ]
 [   3.14      2.78    999.     1001.    ]]

P (4 x 4):
[[0 1 0 0]
 [0 0 0 1]
 [1 0 0 0]
 [0 0 1 0]]

L (4 x 4):
[[ 1.       0.       0.       0.     ]
 [ 0.00496  1.       0.       0.     ]
 [ 0.01298  0.01195  1.       0.     ]
 [ 0.08719  0.05237 -0.0011   1.     ]]

U (4 x 4):
[[ 242.         0.58       0.         9.23   ]
 [   0.       231.99712   21.        22.95423]
 [   0.         0.       998.74904 1000.60593]
 [   0.         0.         0.        -0.68526]]

(Check) Product of PLU (4 x 4):
[[   1.2     232.       21.       23.    ]
 [  21.1      12.2       0.0002    0.22  ]
 [ 242.        0.58      0.        9.23  ]
 [   3.14      2.78    999.     1001.    ]]

