QR decomposition with Gram-Schmidt algorithm, s.t. A=QR.

Input matrix A (5 x 4):
[[     0.       0.       0.       0. ]
 [     0.       0.       0.       2.3]
 [     0.       9.      12.       2. ]
 [     0.       0.       0.     -10. ]
 [     0.       0.      32.  231225. ]]

Q (5 x 4):
[[ 0.       0.       0.       0.     ]
 [ 0.       0.       0.       0.22415]
 [ 0.       1.       0.       0.     ]
 [ 0.       0.       0.      -0.97456]
 [ 0.       0.       1.       0.     ]]

R (4 x 4):
[[     0.           0.           0.           0.     ]
 [     0.           9.          12.           2.     ]
 [     0.           0.          32.      231225.     ]
 [     0.           0.           0.          10.26109]]

(Check) Product of QR (5 x 4):
[[     0.       0.       0.       0. ]
 [     0.       0.       0.       2.3]
 [     0.       9.      12.       2. ]
 [     0.       0.       0.     -10. ]
 [     0.       0.      32.  231225. ]]

