Householder Reduction, s.t. A=QR, where R is the reduced matrix.

Input matrix A (5 x 4):
[[     0.       0.       0.       0. ]
 [     0.       0.       0.       2.3]
 [     0.       9.      12.       2. ]
 [     0.       0.       0.     -10. ]
 [     0.       0.      32.  231225. ]]

Q (5 x 5) (Orthonormal):
[[ 1.       0.       0.       0.       0.     ]
 [ 0.      -0.       0.       0.22415  0.97456]
 [ 0.       1.      -0.      -0.      -0.     ]
 [ 0.       0.       0.      -0.97456  0.22415]
 [ 0.       0.       1.       0.       0.     ]]

R (5 x 4) (Reduced matrix):
[[     0.           0.           0.           0.     ]
 [     0.           9.          12.           2.     ]
 [     0.           0.          32.      231225.     ]
 [     0.           0.           0.          10.26109]
 [     0.           0.           0.           0.     ]]

(Check) Product of QR (5 x 4):
[[     0.       0.       0.       0. ]
 [     0.      -0.       0.       2.3]
 [     0.       9.      12.       2. ]
 [     0.       0.       0.     -10. ]
 [     0.       0.      32.  231225. ]]

