URV decomposition of A, s.t. A=U @ R @ V.T.

Input matrix A (5 x 4):
[[     0.       0.       0.       0. ]
 [     0.       0.       0.       2.3]
 [     0.       9.      12.       2. ]
 [     0.       0.       0.     -10. ]
 [     0.       0.      32.  231225. ]]

U (5 x 5):
[[ 0.       0.       0.      -1.       0.     ]
 [ 0.       0.       0.22415  0.      -0.97456]
 [ 1.       0.       0.       0.       0.     ]
 [ 0.       0.      -0.97456  0.      -0.22415]
 [ 0.       1.       0.       0.       0.     ]]

R (5 x 4):
[[     2.          15.           0.           0.     ]
 [231225.          25.6         19.2          0.     ]
 [    10.26109      0.           0.           0.     ]
 [     0.           0.           0.           0.     ]
 [     0.           0.           0.           0.     ]]

V (4 x 4):
[[ 0.   0.   0.  -1. ]
 [ 0.   0.6 -0.8  0. ]
 [ 0.   0.8  0.6  0. ]
 [ 1.   0.   0.   0. ]]

(Check) Product of U, R, V.T, (5 x 4):
[[     0.       0.       0.       0. ]
 [     0.       0.       0.       2.3]
 [     0.       9.      12.       2. ]
 [     0.       0.       0.     -10. ]
 [     0.      -0.      32.  231225. ]]

