URV decomposition of A, s.t. A=U @ R @ V.T.

Input matrix A (3 x 6):
[[12. 21. 54.  6.  4. 64.]
 [ 0.  0.  1. 65. 65.  2.]
 [ 0.  0.  0.  0. 32.  0.]]

U (3 x 3):
[[1. 0. 0.]
 [0. 1. 0.]
 [0. 0. 1.]]

R (3 x 6):
[[87.45856  0.       0.       0.       0.       0.     ]
 [ 9.51308 91.45765  0.       0.       0.       0.     ]
 [ 1.46355 22.59053 22.61694  0.       0.       0.     ]]

V (6 x 6):
[[ 0.13721 -0.01427  0.00538  0.86824 -0.45266  0.14899]
 [ 0.24011 -0.02498  0.00941 -0.49614 -0.79215  0.26073]
 [ 0.61744 -0.05329  0.01327  0.       0.40935  0.66947]
 [ 0.0686   0.70358 -0.70719  0.      -0.0063   0.0106 ]
 [ 0.04574  0.70595  0.70678  0.       0.       0.     ]
 [ 0.73178 -0.05425  0.00683  0.       0.      -0.67935]]

(Check) Product of U, R, V.T, (3 x 6):
[[12. 21. 54.  6.  4. 64.]
 [-0. -0.  1. 65. 65.  2.]
 [ 0.  0.  0.  0. 32.  0.]]

