QR decomposition with Gram-Schmidt algorithm, s.t. A=QR.

Input matrix A (3 x 6):
[[12. 21. 54.  6.  4. 64.]
 [ 0.  0.  1. 65. 65.  2.]
 [ 0.  0.  0.  0. 32.  0.]]

Q (3 x 6):
[[1. 0. 0. 0. 0. 0.]
 [0. 0. 1. 0. 0. 0.]
 [0. 0. 0. 0. 1. 0.]]

R (6 x 6):
[[12. 21. 54.  6.  4. 64.]
 [ 0.  0.  0.  0.  0.  0.]
 [ 0.  0.  1. 65. 65.  2.]
 [ 0.  0.  0.  0.  0.  0.]
 [ 0.  0.  0.  0. 32.  0.]
 [ 0.  0.  0.  0.  0.  0.]]

(Check) Product of QR (3 x 6):
[[12. 21. 54.  6.  4. 64.]
 [ 0.  0.  1. 65. 65.  2.]
 [ 0.  0.  0.  0. 32.  0.]]

